0.8988439306358381
0.9104046242774566
0.9393063583815029
0.9219653179190751
0.9248554913294798
0.9277456647398844
0.9277456647398844
0.9335260115606936
0.9335260115606936
0.930635838150289
0.930635838150289
0.9364161849710982
0.9335260115606936
0.930635838150289
0.9393063583815029
0.9219653179190751
0.9364161849710982
0.953757225433526
0.9421965317919075
0.9421965317919075
0.9479768786127167
0.9421965317919075
0.9393063583815029
0.9364161849710982
0.9508670520231214
0.9479768786127167
0.9450867052023122
0.930635838150289
0.9508670520231214
0.9479768786127167